0
-100
-200
-300
-400
-500
-700
-800
-900
-1174
-1458
-1358
-1458
-1258
-1358
-1258
-1458
-1358
-1208.0
-1108.0
-1208.0
-1408.0
-1508.0
-1608.0
-1708.0
-1308.0
-1408.0
-1508.0
-1408.0
-1208.0
-1108.0
-1008.0
-1108.0
-1208.0
-1308.0
-1208.0
-1308.0
-1308.0
-1508.0
-1358.0
-1458.0
-1558.0
-1658.0
-1758.0
-1658.0
-1558.0
-1658.0
-1558.0
-1258.0
-796.0
-1596.0
-2208.0
-1132.0
368.0
-2232.0
-3732.0
-5232.0
-5232.0
-7084.0
-7084.0
-6237.0
-5437.0
-5437.0
-4657.0
-3914.0
-3234.0
-2724.0
-3042.0
-3042.0
-2942.0
-3142.0
-2720.0
-2820.0
-2920.0
-2720.0
-2820.0
-2720.0
-2820.0
-2546.0
-2861.0
-3631.0
-2131.0
-3631.0
-5131.0
-6631.0
-6903.0
-6479.0
-6040.0
-5424.0
-6318.0
-5479.0
-6172.0
-7618.0
-6462.0
-5149.0
-11149.0
-12649.0
-12649.0
-14149.0
-12649.0
-11149.0
-12649.0
-14149.0
-15649.0
-14149.0
-12649.0
-14149.0
-11899.0
-13399.0
-13399.0
-13399.0
-11899.0
-13399.0
-12920.0
-12490.0
-12041.0
-12507.0
-12507.0
-12407.0
-12307.0
-12207.0
-12307.0
-12407.0
-12507.0
-12407.0
-12507.0
-12240.0
-12525.0
-12625.0
-12725.0
-12925.0
-10845.0
-9345.0
-7845.0
-5595.0
-6709.0
-5209.0
-3709.0
-2209.0
-709.0
-376.0
-376.0
-661.0
-71.0
-456.0
32.0
-565.0
339.0
1190.0
601.0
1009.0
795.0
117.0
117.0
117.0
402.0
502.0
167.0
-198.0
2.0
-450.0
-1750.0
-2065.0
-2165.0
-2165.0
-3389.0
-1889.0
-4889.0
-3943.0
-4365.0
-3932.0
-4306.0
-4849.0
-4449.0
-4033.0
-3933.0
-4209.0
-4309.0
-4209.0
-4059.0
-3959.0
-3859.0
-3759.0
-3659.0
-3759.0
-3859.0
-3959.0
-4548.0
-3681.0
-3197.0
-3891.0
-5391.0
-5391.0
-3891.0
-2391.0
0
0
100
0
100
200
100
0
100
0
-100
-200
-300
-200
-300
-400
-300
-100
-300
-400
-400
-158
-432
-532
-432
-532
968.0
1968.0
3468.0
0
-100
-200
-300
-100
100
200
100
0
-100
-300
-200
-100
100
200
100
300
400
300
200
100
100
0
-100
100
0
-100
0
-100
100
0
-100
0
0
612
712
612
712
812
712
612
612
412
612
712
160
-610
-202
340
-469
-469
-1469
-469
531
1531
3031.0
4209.0
3324.0
4324.0
3324.0
2324.0
1324.0
-676.0
-1676.0
-2676.0
-3676.0
-3526.0
-3626.0
-3726.0
-3626.0
-3726.0
-3826.0
-3572.0
-3572.0
-3201.0
-2617.0
-2102.0
-2427.0
-1741.0
-1496.0
-1396.0
-1823.0
-1823.0
-1923.0
-1823.0
-2215.0
-3100.0
-3100.0
-4100.0
-4100.0
-4459.0
-5459.0
-3459.0
-3459.0
-4459.0
-4559.0
-4659.0
-4459.0
-4359.0
-4459.0
-4359.0
-4259.0
-4159.0
-4259.0
-4359.0
-4459.0
-4359.0
-4159.0
-4059.0
-3959.0
-4059.0
-3959.0
-3859.0
-3959.0
-4059.0
-3909.0
-3809.0
-3909.0
-3659.0
