-1.44
-3.47
-4.33
-10.4
-7.43
-7.43
0.0
0.0
-1.06
-1.49
0.0
0.0
-1.24
0.0
0.0
-0.47
-0.5
-0.53
-2.19
-1.17
-1.24
-1.32
-2.81
-3.06
-3.3
-1.82
0.0
1.21
0.0
-3.06
2.08
2.6
0.0
-9.45
26.0
-0.34
-0.35
-0.73
-0.75
-0.78
-0.81
-1.26
-1.75
-0.47
0.5
0.53
-0.55
-1.75
-2.57
-4.11
-5.78
-4.73
-5.11
-0.96
-1.08
2.6
1.49
1.73
2.17
-2.6
0.0
0.0
0.0
0.0
0.69
1.08
-0.37
-1.16
-2.78
-2.48
-3.87
-3.62
-2.86
-2.06
-2.71
-2.29
-1.21
-1.28
-2.05
-2.2
-1.6
0.0
-1.89
0.0
0.0
4.11
1.53
3.59
0.0
-2.74
4.0
19.5
17.33
0.0
-1.07
-1.11
-1.93
0.0
0.43
0.45
0.0
0.5
1.61
2.36
1.88
1.97
0.69
-1.49
0.0
0.9
-2.89
2.21
6.34
7.43
8.67
13.0
7.8
-5.78
-26.0
-0.33
-0.69
-0.36
0.0
0.79
0.41
0.0
0.0
1.93
2.02
1.59
1.13
1.81
0.0
-3.51
-5.28
-5.11
-3.78
-5.2
0.0
-2.67
-1.53
-1.79
-2.17
6.12
-8.0
-11.56
-13.0
0.34
0.35
0.0
0.37
-0.76
0.0
-0.83
-0.43
-0.9
-2.39
-3.0
-4.68
-6.09
-6.43
-7.43
-7.9
-7.84
-6.99
-9.08
-10.76
-11.0
-13.28
-16.1
-18.27
-20.13
-20.0
-14.44
-13.0
-26.0
0.0
0.69
1.43
0.37
0.77
-0.4
0.42
0.33
0.94
0.67
2.65
2.24
2.92
